0.03125
0.359375
0.046875
0.0625
0.046875
0.3125
0.03125
0.390625
0.03125
0.375
0.03125
0.4375
0.34375
0.375
0.046875
0.3125
0.359375
0.046875
0.046875
0.03125
0.390625
0.3125
0.015625
0.0625
0.046875
0.046875
0.046875
0.34375
0.5
0.046875
0.40625
0.03125
0.0625
0.3125
0.046875
0.046875
0.484375
0.03125
0.046875
0.359375
0.34375
0.0625
0.421875
0.40625
0.375
0.453125
0.046875
0.078125
0.0625
0.390625
0.046875
0.046875
0.34375
0.3125
0.390625
0.03125
0.34375
0.046875
0.046875
0.375
0.453125
0.296875
0.046875
0.40625
0.046875
0.03125
0.359375
0.40625
0.421875
0.46875
0.515625
0.390625
0.046875
0.3125
0.0625
0.046875
0.46875
0.046875
0.03125
0.046875
0.078125
0.421875
0.328125
0.359375
0.0625
0.03125
0.046875
0.078125
0.046875
0.46875
0.078125
0.046875
0.40625
0.046875
0.046875
0.390625
0.40625
0.3125
0.046875
0.390625
